# Sd	Freq_Hz	Re_Z	Im_Z	Abs_Z	C_eff_pF
0	500000.0	20297.817717	6219.569091	21229.329800	nan
0	600000.0	17407.608709	8471.771560	19359.642412	nan
0	700000.0	17634.687918	9726.765191	20139.319230	nan
0	800000.0	20000.394271	8249.222230	21634.820045	nan
0	900000.0	19851.766570	4852.949264	20436.334126	nan
0	1000000.0	19340.424477	3799.487937	19710.102169	nan
0	1100000.0	19008.025989	4025.530042	19429.615131	nan
0	1200000.0	19630.312045	4980.653770	20252.310065	nan
0	1300000.0	20472.327241	6146.821455	21375.209862	nan
0	1400000.0	22795.336118	7343.052161	23948.857254	nan
0	1600000.0	30921.301729	10098.310888	32528.491871	nan
0	1700000.0	39480.237364	10495.082744	40851.388032	nan
0	1750000.0	45684.039359	9509.867227	46663.358504	nan
0	1800000.0	53183.020318	6561.761574	53586.288966	nan
0	1850000.0	62774.793753	-639.680931	62778.052872	134.488453
0	1900000.0	71063.868963	-14684.596061	72565.217794	5.704328
0	2000000.0	54405.526234	-54919.897299	77305.603963	1.448973
0	2100000.0	21732.423679	-55532.818470	59633.817303	1.364744
0	2200000.0	10370.481933	-41899.087248	43163.415154	1.726605
0	2300000.0	5665.964788	-36046.916826	36489.496703	1.919659
2	500000.0	49711.322905	-18429.786127	53017.663487	17.271491
2	600000.0	33713.707840	8052.712600	34662.087019	nan
2	700000.0	35919.181959	-6613.613966	36522.972528	34.378209
2	800000.0	29888.238274	-28478.379251	41283.469717	6.985780
2	900000.0	20094.829370	-26237.860864	33048.865489	6.739834
2	1000000.0	13949.157913	-25809.644981	29337.975059	6.166491
2	1100000.0	10724.136153	-19470.548142	22228.570380	7.431034
2	1200000.0	10027.779228	-14061.750303	17271.050281	9.431907
2	1300000.0	11345.860683	-11289.496930	16005.664484	10.844317
2	1400000.0	13520.187521	-9497.546880	16522.677366	11.969628
2	1500000.0	15227.065984	-9181.384668	17780.926941	11.556350
2	1600000.0	16034.549456	-6349.915426	17246.106870	15.665065
2	1700000.0	21155.884098	-3386.276367	21425.179103	27.647051
2	1750000.0	26342.385695	-2941.163685	26506.069643	30.921666
2	1800000.0	33309.971260	-5537.726107	33767.152616	15.966736
2	1850000.0	40250.660467	-13043.617928	42311.365337	6.595540
2	1900000.0	41188.778122	-25784.444188	48593.754797	3.248694
2	2000000.0	21483.836819	-40907.351296	46205.699156	1.945310
2	2100000.0	8517.710588	-36086.568206	37078.184941	2.100174
2	2200000.0	4601.556531	-28714.426952	29080.794997	2.519401
2	2300000.0	2671.216033	-25874.581049	26012.099868	2.674354
4	1500000.0	8258.681563	-16842.656860	18758.489045	6.299677
4	1600000.0	9742.758118	-14125.035562	17159.194776	7.042236
4	1700000.0	13635.204686	-11925.121537	18114.285261	7.850700
4	1750000.0	16630.022299	-11834.214502	20410.935171	7.684978
4	1800000.0	20203.867059	-14523.173416	24882.098187	6.088161
4	1850000.0	23374.021508	-19212.027286	30256.352620	4.477908
4	1900000.0	22804.139996	-25940.994248	34539.310699	3.229088
4	2000000.0	10566.254485	-30828.280552	32588.780518	2.581314
4	2100000.0	3909.508311	-27961.067800	28233.058066	2.710485
4	2200000.0	2614.711786	-23235.756464	23382.409974	3.113441
4	2300000.0	1372.329254	-21651.008683	21694.457001	3.196054
6	1500000.0	5848.846836	-20906.147486	21708.892464	5.075220
6	1600000.0	7031.754957	-18309.987224	19613.801516	5.432655
6	1700000.0	9870.004938	-16555.189834	19274.109783	5.655058
6	1750000.0	11757.456941	-16539.413908	20292.609643	5.498725
6	1800000.0	12882.720013	-18551.511284	22585.903698	4.766157
6	1850000.0	14421.388353	-21425.958491	25827.275104	4.015209
6	1900000.0	13481.576016	-24891.040434	28307.539380	3.365298
6	2000000.0	5864.390210	-26165.683929	26814.810982	3.041291
6	2100000.0	2078.538793	-24069.735553	24159.314831	3.148687
6	2200000.0	1672.396932	-20670.212558	20737.757803	3.499875
6	2300000.0	831.695058	-19685.015645	19702.577436	3.515253
8	1500000.0	4619.834014	-23206.388575	23661.769524	4.572159
8	1600000.0	5428.872854	-20610.035996	21313.053376	4.826379
8	1700000.0	7647.016851	-19205.496589	20671.912489	4.874675
8	1750000.0	8857.595964	-19281.676853	21218.861151	4.716689
8	1800000.0	8553.120618	-20510.692170	22222.609334	4.310894
8	1850000.0	9217.545969	-22274.633454	24106.481477	3.862227
8	1900000.0	8371.838557	-23877.835292	25302.938546	3.508097
8	2000000.0	3499.252472	-23583.816827	23842.004614	3.374241
8	2100000.0	1123.948818	-21994.765098	22023.463684	3.445732
8	2200000.0	1194.383183	-19279.482345	19316.443531	3.752339
8	2300000.0	546.657498	-18604.636048	18612.665497	3.719385
10	500000.0	4890.763357	-65903.360421	66084.585805	4.829949
10	600000.0	8624.451040	-43987.302984	44824.814328	6.030336
10	700000.0	16819.257805	-31839.720336	36009.099186	7.140898
10	800000.0	35169.381841	-25574.022109	43484.664262	7.779131
10	900000.0	47188.469967	-40673.643185	62298.450605	4.347750
10	1000000.0	32110.221906	-55763.985725	64348.181442	2.854081
10	1100000.0	13979.418993	-49722.863751	51650.627634	2.909855
10	1200000.0	7834.192676	-38304.279989	39097.217808	3.462514
10	1300000.0	3786.196658	-31025.177138	31255.349967	3.946049
10	1400000.0	4447.349068	-27705.276649	28059.958445	4.103265
10	1500000.0	3896.172230	-24512.893329	24820.598248	4.328469
10	1600000.0	4488.790697	-22071.087572	22522.924955	4.506884
10	1700000.0	6181.891586	-20959.388354	21852.042096	4.466760
10	1750000.0	6814.541459	-21015.636957	22092.871520	4.327524
10	1800000.0	5735.080501	-21456.050679	22209.305687	4.120955
10	1850000.0	5999.687739	-22404.410460	23193.832392	3.839856
10	1900000.0	5490.113189	-23019.625459	23665.259329	3.638885
10	2000000.0	2237.742694	-22032.275819	22145.624175	3.611859
10	2100000.0	592.668932	-20789.002879	20797.449295	3.645585
10	2200000.0	924.027492	-18466.837845	18489.941233	3.917463
10	2300000.0	383.686164	-17965.454304	17969.551008	3.851715
